# R_eq = 3.6575, err = 21.3%
# E_min = -8.250761, D_e = 0.306080
# omega_e = 1337.9 cm-1
# avg time/pt = 113.5s
  2.0000     -8.11613931    101.13
  2.3000     -8.16621685     99.50
  2.5000     -8.19174693    100.39
  2.7000     -8.21298376    100.25
  2.8000     -8.22153041    101.31
  2.9000     -8.22915530    102.06
  3.0000     -8.23515532    102.85
  3.1000     -8.24031087    113.03
  3.2000     -8.24421777    120.25
  3.3000     -8.24677869    114.15
  3.5000     -8.24979939    126.11
  3.8000     -8.24972945    121.74
  4.0000     -8.24699661    124.25
  4.5000     -8.23477592    122.89
  5.0000     -8.21804600    123.32
  5.5000     -8.19950554    124.95
  6.0000     -8.18003509    130.83
