# R_eq = 3.1862, err = 5.7%
# E_min = -8.184930, D_e = 0.474175
# omega_e = 1597.2 cm-1
# avg time/pt = 13.3s
  2.0000     -8.09919675     12.50
  2.3000     -8.14058288     12.58
  2.5000     -8.15918451     12.70
  2.7000     -8.17302955     12.87
  2.8000     -8.17777851     12.36
  2.9000     -8.18158644     12.48
  3.0000     -8.18387291     12.72
  3.1000     -8.18535954     12.72
  3.2000     -8.18562445     12.46
  3.3000     -8.18462204     12.42
  3.5000     -8.18072394     13.64
  3.8000     -8.17083190     13.75
  4.0000     -8.16188460     13.70
  4.5000     -8.13539110     14.85
  5.0000     -8.10618340     14.97
  5.5000     -8.07708706     14.98
  6.0000     -8.04884848     15.11
