# R_eq = 3.4157, err = 13.3%
# E_min = -8.208901, D_e = 0.388069
# omega_e = 1433.7 cm-1
# avg time/pt = 30.9s
  2.0000     -8.10336303     31.08
  2.3000     -8.14826491     30.65
  2.5000     -8.16980567     29.77
  2.7000     -8.18685181     29.38
  2.8000     -8.19327207     29.88
  2.9000     -8.19877433     29.78
  3.0000     -8.20275807     29.78
  3.1000     -8.20593551     32.16
  3.2000     -8.20792245     29.63
  3.3000     -8.20866872     32.07
  3.5000     -8.20825902     29.96
  3.8000     -8.20357327     29.87
  4.0000     -8.19811929     32.09
  4.5000     -8.18015445     31.87
  5.0000     -8.15893846     31.79
  5.5000     -8.13685535     31.90
  6.0000     -8.11460104     34.09
