# H2 Cross-Nuclear Attenuation Results
#           Config     R_eq      D_e        k   R_err%   D_err%   k_err%
              bare    1.243   0.3905   1.0528     11.3    123.8    185.3
       linear(0.5)    2.154   0.0652   0.0907     53.7     62.7     75.4
       linear(1.0)    3.765  -0.0208   0.0372    168.7      inf     89.9
       linear(2.0)    3.981  -0.0862   0.1560    184.1      inf     57.7
       linear(5.0)    2.344  -0.4677  -0.1427     67.3      inf    138.7
          exp(0.5)    1.941   0.0870   0.1678     38.5     50.2     54.5
          exp(1.0)    3.640  -0.0160   0.0125    159.8      inf     96.6
          exp(2.0)    4.172  -0.0689   0.0677    197.8      inf     81.7
          exp(5.0)    4.861  -0.1590   0.0881    246.9      inf     76.1
         pade(0.5)    1.728   0.1078   0.3435     23.3     38.2      6.9
         pade(1.0)    3.054  -0.0051   0.0193    118.0      inf     94.8
         pade(2.0)    4.420  -0.0554   0.0307    215.5      inf     91.7
         pade(5.0)    4.848  -0.1301   0.0561    246.0      inf     84.8
         quadratic    4.080  -0.0772   0.1001    191.2      inf     72.9

# PES data: R  E(bare)  E(best)
    0.8000    -1.28129452    -1.28129452
    1.0000    -1.37185339    -1.37185339
    1.2000    -1.38805349    -1.38805349
    1.4000    -1.36705903    -1.36705903
    1.6000    -1.32882341    -1.32882341
    1.8000    -1.28751981    -1.28751981
    2.0000    -1.24706884    -1.24706884
    2.5000    -1.15920320    -1.15920320
    3.0000    -1.10084590    -1.10084590
    4.0000    -1.04531222    -1.04531222
