# LIH Cross-Nuclear Attenuation Results
#           Config     R_eq      D_e        k   R_err%   D_err%   k_err%
              bare    2.988   0.2501  -0.2970      0.9    171.9    550.7
       linear(0.5)    4.799   0.1328   0.0259     59.2     44.3     60.8
       linear(1.0)    5.832   0.1026   0.0204     93.4     11.5     69.0
       linear(2.0)    6.581   0.0806   0.0359    118.3     12.4     45.5
       linear(5.0)    4.633  -0.0676  -0.0676     53.7      inf    202.5
          exp(0.5)    4.738   0.1334   0.0236     57.2     45.0     64.1
          exp(1.0)    5.779   0.1037   0.0168     91.7     12.7     74.5
          exp(2.0)    6.439   0.0811   0.0331    113.6     11.9     49.8
          exp(5.0)    4.622  -0.0675  -0.0826     53.3      inf    225.4
         pade(0.5)    4.675   0.1341   0.0218     55.1     45.8     66.9
         pade(1.0)    5.708   0.1047   0.0141     89.3     13.8     78.6
         pade(2.0)    6.504   0.0838   0.0252    115.7      8.9     61.8
         pade(5.0)    4.462  -0.0571  -0.0672     48.0      inf    202.0
         quadratic    6.392   0.0793   0.0388    112.0     13.8     41.2

# PES data: R  E(bare)  E(best)
    1.5000    -8.47115474    -7.71455850
    2.0000    -8.28725994    -7.85639877
    2.5000    -8.17761163    -7.94320325
    3.0000    -8.11879561    -7.99184718
    3.5000    -8.09219962    -8.01552119
    4.0000    -8.07938978    -8.02405430
    5.0000    -8.04859521    -8.01943895
    6.0000    -8.02314019    -8.00908975
