 n      p0        E_n      S_x      S_p   S_x+S_p   above   |nx-1|   |np-1|
-----------------------------------------------------------------------------------
 1  1.0000  -0.500000   4.1447   2.4219    6.5666   0.132  0.0e+00  8.4e-13
 2  0.5000  -0.125000   8.1109  -0.7576    7.3534   0.919  2.2e-16  3.4e-12
 3  0.3333  -0.055556  10.4265  -2.1883    8.2382   1.804  1.1e-16  7.5e-12
 4  0.2500  -0.031250  12.0749  -3.1458    8.9292   2.495  0.0e+00  1.3e-11
 5  0.2000  -0.020000  13.3576  -3.8691    9.4885   3.054  2.2e-16  2.1e-11
 6  0.1667  -0.013889  14.4083  -4.4511    9.9573   3.523  0.0e+00  3.0e-11
 7  0.1429  -0.010204  15.2987  -4.9382   10.3605   3.926  2.2e-16  4.1e-11
 8  0.1250  -0.007812  16.0713  -5.3571   10.7142   4.280  0.0e+00  5.4e-11
 9  0.1111  -0.006173  16.7539  -5.7247   11.0292   4.595  2.2e-16  6.8e-11
10  0.1000  -0.005000  17.3652  -6.0521   11.3132   4.879  2.2e-16  8.4e-11
-----------------------------------------------------------------------------------
BBM floor 3(1+ln pi) = 6.43419
climb fit all n:  S_x+S_p = 6.1294 + 2.1620*ln(n)
climb fit n>=5:   S_x+S_p = 5.2426 + 2.6334*ln(n)  (asymptotic slope; 3D phase-space predicts 3)
