LiH Balanced PES Validation — v0.9.37, 2026-03-11
nmax=3, E(Li)=-7.392086, E(H)=-0.500000

     R       E_mol     D_raw      D_cp      BSSE       E_mol     D_raw      D_cp      BSSE       E_mol     D_raw      D_cp      BSSE  
                  --- exact+True ---                     --- exact+s_only ---                   --- fourier+s_only ---          
------------------------------------------------------------------------------------------------------------------------------------
 1.500    -8.47115    0.5791    0.4642   -0.1149    -8.58979    0.6977    0.5828   -0.1149    -8.47249    0.5804    0.4655   -0.1149  
 1.800    -8.34864    0.4566    0.3417   -0.1149    -8.57625    0.6842    0.5693   -0.1149    -8.34984    0.4578    0.3429   -0.1149  
 2.000    -8.28726    0.3952    0.2803   -0.1149    -8.56720    0.6751    0.5602   -0.1149    -8.28591    0.3938    0.2789   -0.1149  
 2.200    -8.23412    0.3420    0.2272   -0.1149    -8.59890    0.7068    0.5919   -0.1149    -8.23487    0.3428    0.2279   -0.1149  
 2.500    -8.17761    0.2855    0.1706   -0.1149    -8.63979    0.7477    0.6328   -0.1149    -8.17781    0.2857    0.1708   -0.1149  
 2.800    -8.13852    0.2464    0.1316   -0.1149    -8.66703    0.7749    0.6601   -0.1149    -8.13794    0.2459    0.1310   -0.1149  
 3.000    -8.11880    0.2267    0.1118   -0.1149    -8.66855    0.7765    0.6616   -0.1149    -8.11806    0.2260    0.1111   -0.1149  
 3.015    -8.11752    0.2254    0.1106   -0.1149    -8.66832    0.7762    0.6614   -0.1149    -8.11674    0.2247    0.1098   -0.1149  
 3.200    -8.10282    0.2107    0.0959   -0.1149    -8.66773    0.7756    0.6608   -0.1149    -8.10204    0.2100    0.0951   -0.1149  
 3.500    -8.09220    0.2001    0.0852   -0.1149    -8.66105    0.7690    0.6541   -0.1149    -8.08317    0.1911    0.0762   -0.1149  
 4.000    -8.07939    0.1873    0.0724   -0.1149    -8.62785    0.7358    0.6209   -0.1149    -8.06036    0.1683    0.0534   -0.1149  
 5.000    -8.04860    0.1565    0.0416   -0.1149    -8.51739    0.6253    0.5104   -0.1149    -8.02967    0.1376    0.0227   -0.1149  


EQUILIBRIA
  exact+True: R_eq=1.500 bohr, D_cp=0.4642 Ha
  exact+s_only: R_eq=2.935 bohr, D_cp=0.6620 Ha
  fourier+s_only: R_eq=1.500 bohr, D_cp=0.4655 Ha
