LiH Kinetic Repulsion Diagnostic -- v0.9.37, 2026-03-11

ENERGY DECOMPOSITION
     R         T      V_nA      V_nB     V_crA     V_crB     V_bri      V_ee      V_NN       E_tot       eta
--------------------------------------------------------------------------------------------------------------
 1.500   -0.0915   -8.8325   -0.9553   -1.3242   -3.3652   -0.0001    4.0978    2.0000    -8.47115  -45.7710
 1.800   -0.1017   -8.8329   -0.9365   -1.1065   -2.9174   -0.0002    3.8799    1.6667    -8.34864  -40.5290
 2.000   -0.1080   -8.8357   -0.9223   -0.9970   -2.6644   -0.0002    3.7405    1.5000    -8.28726  -37.8535
 2.200   -0.1142   -8.8394   -0.9064   -0.9072   -2.4370   -0.0003    3.6068    1.3636    -8.23412  -35.5456
 2.500   -0.1223   -8.8449   -0.8825   -0.7991   -2.1545   -0.0004    3.4260    1.2000    -8.17761  -32.9460
 2.800   -0.1290   -8.8498   -0.8591   -0.7140   -1.9270   -0.0005    3.2694    1.0714    -8.13852  -31.0500
 3.000   -0.1327   -8.8524   -0.8449   -0.6666   -1.8007   -0.0006    3.1790    1.0000    -8.11880  -30.0986
 3.015   -0.1329   -8.8526   -0.8439   -0.6633   -1.7920   -0.0006    3.1727    0.9950    -8.11752  -30.0363
 3.500   -0.1689   -8.8828   -0.5944   -0.5808   -1.4742   -0.0040    2.7558    0.8571    -8.09220  -23.4488
 4.000   -0.1716   -8.8779   -0.5928   -0.5065   -1.3431   -0.0026    2.6651    0.7500    -8.07939  -23.0405
 5.000   -0.1814   -8.8794   -0.5875   -0.4054   -1.1101   -0.0014    2.5167    0.6000    -8.04860  -21.6846


BRIDGE ANALYSIS
     R    max|H1_AB|    sum|H1_AB|   n_nnz     deg_A     deg_B
------------------------------------------------------------
 1.500      0.027896      0.360821      14    0.4124    0.4124
 1.800      0.026387      0.340140      14    0.3887    0.3887
 2.000      0.025016      0.321843      14    0.3678    0.3678
 2.200      0.023466      0.301392      14    0.3444    0.3444
 2.500      0.020969      0.268728      14    0.3071    0.3071
 2.800      0.018430      0.235745      14    0.2694    0.2694
 3.000      0.016779      0.214394      14    0.2450    0.2450
 3.015      0.016658      0.212826      14    0.2432    0.2432
 3.500      0.012974      0.165380      14    0.1890    0.1890
 4.000      0.009769      0.124284      14    0.1420    0.1420
 5.000      0.005217      0.066176      14    0.0756    0.0756
