================================================================================
LiH SO(4) CG Cross-Center V_ee Diagnostic (v0.9.27)
nmax=3, Z_A=3, Z_B=1, N_e=4
================================================================================

Atomic energies (nmax=3):
  E(Li) = -7.392086 Ha
  E(H)  = -0.500000 Ha
  E(Li+H) = -7.892086 Ha

================================================================================
Cross-center ERI table at R=3.015
J(A_{n_a l_a m_a}, B_{n_b l_b m_b}) = sum D^(n_b) * F0_Sturmian
================================================================================

Reference (no cross-center V_ee): p0*=3.1684, E=-5.019429 Ha

gamma(R=3.015, p0=3.1684) = 0.208603 rad (11.95 deg)

  A (n,l,m)     B (n,l,m)          J_cross        D_elem
  -------------------------------------------------------
  (1,0,+0)      (1,0,+0)          1.980260      1.000000
  (1,0,+0)      (2,0,+0)          0.425256      0.978321
  (1,0,+0)      (2,1,-1)          0.849986      0.989161
  (1,0,+0)      (2,1,+0)          0.769286      1.000000
  (1,0,+0)      (2,1,+1)          0.849986      0.989161
  (1,0,+0)      (3,0,+0)          0.160392      0.942816
  (1,0,+0)      (3,1,-1)          0.288608      0.946273
  (1,0,+0)      (3,1,+0)          0.234306      0.978321
  (1,0,+0)      (3,1,+1)          0.288608      0.946273
  (1,0,+0)      (3,2,-2)          0.418808      0.978439
  (1,0,+0)      (3,2,-1)          0.394633      0.989161
  (1,0,+0)      (3,2,+0)          0.406506      0.992852
  (1,0,+0)      (3,2,+1)          0.394633      0.989161
  (1,0,+0)      (3,2,+2)          0.418808      0.978439
  (2,0,+0)      (1,0,+0)          0.664976      1.000000
  (2,0,+0)      (2,0,+0)          0.315741      0.978321
  (2,0,+0)      (2,1,-1)          0.572272      0.989161
  (2,0,+0)      (2,1,+0)          0.513630      1.000000
  (2,0,+0)      (2,1,+1)          0.572272      0.989161
  (2,0,+0)      (3,0,+0)          0.140714      0.942816
  (2,0,+0)      (3,1,-1)          0.229447      0.946273
  (2,0,+0)      (3,1,+0)          0.182898      0.978321
  (2,0,+0)      (3,1,+1)          0.229447      0.946273
  (2,0,+0)      (3,2,-2)          0.382649      0.978439
  (2,0,+0)      (3,2,-1)          0.362827      0.989161
  (2,0,+0)      (3,2,+0)          0.372654      0.992852
  (2,0,+0)      (3,2,+1)          0.362827      0.989161
  (2,0,+0)      (3,2,+2)          0.382649      0.978439
  (2,1,-1)      (1,0,+0)          0.769286      1.000000
  (2,1,-1)      (2,0,+0)          0.333942      0.978321
  (2,1,-1)      (2,1,-1)          0.638251      0.989161
  (2,1,-1)      (2,1,+0)          0.575513      1.000000
  (2,1,-1)      (2,1,+1)          0.638251      0.989161
  (2,1,-1)      (3,0,+0)          0.143384      0.942816
  (2,1,-1)      (3,1,-1)          0.240307      0.946273
  (2,1,-1)      (3,1,+0)          0.192532      0.978321
  (2,1,-1)      (3,1,+1)          0.240307      0.946273
  (2,1,-1)      (3,2,-2)          0.393838      0.978439
  (2,1,-1)      (3,2,-1)          0.373184      0.989161
  (2,1,-1)      (3,2,+0)          0.383390      0.992852
  (2,1,-1)      (3,2,+1)          0.373184      0.989161
  (2,1,-1)      (3,2,+2)          0.393838      0.978439
  (2,1,+0)      (1,0,+0)          0.769286      1.000000
  (2,1,+0)      (2,0,+0)          0.333942      0.978321
  (2,1,+0)      (2,1,-1)          0.638251      0.989161
  (2,1,+0)      (2,1,+0)          0.575513      1.000000
  (2,1,+0)      (2,1,+1)          0.638251      0.989161
  (2,1,+0)      (3,0,+0)          0.143384      0.942816
  (2,1,+0)      (3,1,-1)          0.240307      0.946273
  (2,1,+0)      (3,1,+0)          0.192532      0.978321
  (2,1,+0)      (3,1,+1)          0.240307      0.946273
  (2,1,+0)      (3,2,-2)          0.393838      0.978439
  (2,1,+0)      (3,2,-1)          0.373184      0.989161
  (2,1,+0)      (3,2,+0)          0.383390      0.992852
  (2,1,+0)      (3,2,+1)          0.373184      0.989161
  (2,1,+0)      (3,2,+2)          0.393838      0.978439
  (2,1,+1)      (1,0,+0)          0.769286      1.000000
  (2,1,+1)      (2,0,+0)          0.333942      0.978321
  (2,1,+1)      (2,1,-1)          0.638251      0.989161
  (2,1,+1)      (2,1,+0)          0.575513      1.000000
  (2,1,+1)      (2,1,+1)          0.638251      0.989161
  (2,1,+1)      (3,0,+0)          0.143384      0.942816
  (2,1,+1)      (3,1,-1)          0.240307      0.946273
  (2,1,+1)      (3,1,+0)          0.192532      0.978321
  (2,1,+1)      (3,1,+1)          0.240307      0.946273
  (2,1,+1)      (3,2,-2)          0.393838      0.978439
  (2,1,+1)      (3,2,-1)          0.373184      0.989161
  (2,1,+1)      (3,2,+0)          0.383390      0.992852
  (2,1,+1)      (3,2,+1)          0.373184      0.989161
  (2,1,+1)      (3,2,+2)          0.393838      0.978439
  (3,0,+0)      (1,0,+0)          0.315217      1.000000
  (3,0,+0)      (2,0,+0)          0.180225      0.978321
  (3,0,+0)      (2,1,-1)          0.307946      0.989161
  (3,0,+0)      (2,1,+0)          0.274879      1.000000
  (3,0,+0)      (2,1,+1)          0.307946      0.989161
  (3,0,+0)      (3,0,+0)          0.112546      0.942816
  (3,0,+0)      (3,1,-1)          0.182380      0.946273
  (3,0,+0)      (3,1,+0)          0.145376      0.978321
  (3,0,+0)      (3,1,+1)          0.182380      0.946273
  (3,0,+0)      (3,2,-2)          0.274091      0.978439
  (3,0,+0)      (3,2,-1)          0.258613      0.989161
  (3,0,+0)      (3,2,+0)          0.266316      0.992852
  (3,0,+0)      (3,2,+1)          0.258613      0.989161
  (3,0,+0)      (3,2,+2)          0.274091      0.978439
  (3,1,-1)      (1,0,+0)          0.344805      1.000000
  (3,1,-1)      (2,0,+0)          0.191838      0.978321
  (3,1,-1)      (2,1,-1)          0.332965      0.989161
  (3,1,-1)      (2,1,+0)          0.297655      1.000000
  (3,1,-1)      (2,1,+1)          0.332965      0.989161
  (3,1,-1)      (3,0,+0)          0.115958      0.942816
  (3,1,-1)      (3,1,-1)          0.189622      0.946273
  (3,1,-1)      (3,1,+0)          0.151382      0.978321
  (3,1,-1)      (3,1,+1)          0.189622      0.946273
  (3,1,-1)      (3,2,-2)          0.287921      0.978439
  (3,1,-1)      (3,2,-1)          0.271811      0.989161
  (3,1,-1)      (3,2,+0)          0.279816      0.992852
  (3,1,-1)      (3,2,+1)          0.271811      0.989161
  (3,1,-1)      (3,2,+2)          0.287921      0.978439
  (3,1,+0)      (1,0,+0)          0.344805      1.000000
  (3,1,+0)      (2,0,+0)          0.191838      0.978321
  (3,1,+0)      (2,1,-1)          0.332965      0.989161
  (3,1,+0)      (2,1,+0)          0.297655      1.000000
  (3,1,+0)      (2,1,+1)          0.332965      0.989161
  (3,1,+0)      (3,0,+0)          0.115958      0.942816
  (3,1,+0)      (3,1,-1)          0.189622      0.946273
  (3,1,+0)      (3,1,+0)          0.151382      0.978321
  (3,1,+0)      (3,1,+1)          0.189622      0.946273
  (3,1,+0)      (3,2,-2)          0.287921      0.978439
  (3,1,+0)      (3,2,-1)          0.271811      0.989161
  (3,1,+0)      (3,2,+0)          0.279816      0.992852
  (3,1,+0)      (3,2,+1)          0.271811      0.989161
  (3,1,+0)      (3,2,+2)          0.287921      0.978439
  (3,1,+1)      (1,0,+0)          0.344805      1.000000
  (3,1,+1)      (2,0,+0)          0.191838      0.978321
  (3,1,+1)      (2,1,-1)          0.332965      0.989161
  (3,1,+1)      (2,1,+0)          0.297655      1.000000
  (3,1,+1)      (2,1,+1)          0.332965      0.989161
  (3,1,+1)      (3,0,+0)          0.115958      0.942816
  (3,1,+1)      (3,1,-1)          0.189622      0.946273
  (3,1,+1)      (3,1,+0)          0.151382      0.978321
  (3,1,+1)      (3,1,+1)          0.189622      0.946273
  (3,1,+1)      (3,2,-2)          0.287921      0.978439
  (3,1,+1)      (3,2,-1)          0.271811      0.989161
  (3,1,+1)      (3,2,+0)          0.279816      0.992852
  (3,1,+1)      (3,2,+1)          0.271811      0.989161
  (3,1,+1)      (3,2,+2)          0.287921      0.978439
  (3,2,-2)      (1,0,+0)          0.351767      1.000000
  (3,2,-2)      (2,0,+0)          0.222395      0.978321
  (3,2,-2)      (2,1,-1)          0.377654      0.989161
  (3,2,-2)      (2,1,+0)          0.336900      1.000000
  (3,2,-2)      (2,1,+1)          0.377654      0.989161
  (3,2,-2)      (3,0,+0)          0.123431      0.942816
  (3,2,-2)      (3,1,-1)          0.199267      0.946273
  (3,2,-2)      (3,1,+0)          0.158620      0.978321
  (3,2,-2)      (3,1,+1)          0.199267      0.946273
  (3,2,-2)      (3,2,-2)          0.319519      0.978439
  (3,2,-2)      (3,2,-1)          0.302413      0.989161
  (3,2,-2)      (3,2,+0)          0.310915      0.992852
  (3,2,-2)      (3,2,+1)          0.302413      0.989161
  (3,2,-2)      (3,2,+2)          0.319519      0.978439
  (3,2,-1)      (1,0,+0)          0.351767      1.000000
  (3,2,-1)      (2,0,+0)          0.222395      0.978321
  (3,2,-1)      (2,1,-1)          0.377654      0.989161
  (3,2,-1)      (2,1,+0)          0.336900      1.000000
  (3,2,-1)      (2,1,+1)          0.377654      0.989161
  (3,2,-1)      (3,0,+0)          0.123431      0.942816
  (3,2,-1)      (3,1,-1)          0.199267      0.946273
  (3,2,-1)      (3,1,+0)          0.158620      0.978321
  (3,2,-1)      (3,1,+1)          0.199267      0.946273
  (3,2,-1)      (3,2,-2)          0.319519      0.978439
  (3,2,-1)      (3,2,-1)          0.302413      0.989161
  (3,2,-1)      (3,2,+0)          0.310915      0.992852
  (3,2,-1)      (3,2,+1)          0.302413      0.989161
  (3,2,-1)      (3,2,+2)          0.319519      0.978439
  (3,2,+0)      (1,0,+0)          0.351767      1.000000
  (3,2,+0)      (2,0,+0)          0.222395      0.978321
  (3,2,+0)      (2,1,-1)          0.377654      0.989161
  (3,2,+0)      (2,1,+0)          0.336900      1.000000
  (3,2,+0)      (2,1,+1)          0.377654      0.989161
  (3,2,+0)      (3,0,+0)          0.123431      0.942816
  (3,2,+0)      (3,1,-1)          0.199267      0.946273
  (3,2,+0)      (3,1,+0)          0.158620      0.978321
  (3,2,+0)      (3,1,+1)          0.199267      0.946273
  (3,2,+0)      (3,2,-2)          0.319519      0.978439
  (3,2,+0)      (3,2,-1)          0.302413      0.989161
  (3,2,+0)      (3,2,+0)          0.310915      0.992852
  (3,2,+0)      (3,2,+1)          0.302413      0.989161
  (3,2,+0)      (3,2,+2)          0.319519      0.978439
  (3,2,+1)      (1,0,+0)          0.351767      1.000000
  (3,2,+1)      (2,0,+0)          0.222395      0.978321
  (3,2,+1)      (2,1,-1)          0.377654      0.989161
  (3,2,+1)      (2,1,+0)          0.336900      1.000000
  (3,2,+1)      (2,1,+1)          0.377654      0.989161
  (3,2,+1)      (3,0,+0)          0.123431      0.942816
  (3,2,+1)      (3,1,-1)          0.199267      0.946273
  (3,2,+1)      (3,1,+0)          0.158620      0.978321
  (3,2,+1)      (3,1,+1)          0.199267      0.946273
  (3,2,+1)      (3,2,-2)          0.319519      0.978439
  (3,2,+1)      (3,2,-1)          0.302413      0.989161
  (3,2,+1)      (3,2,+0)          0.310915      0.992852
  (3,2,+1)      (3,2,+1)          0.302413      0.989161
  (3,2,+1)      (3,2,+2)          0.319519      0.978439
  (3,2,+2)      (1,0,+0)          0.351767      1.000000
  (3,2,+2)      (2,0,+0)          0.222395      0.978321
  (3,2,+2)      (2,1,-1)          0.377654      0.989161
  (3,2,+2)      (2,1,+0)          0.336900      1.000000
  (3,2,+2)      (2,1,+1)          0.377654      0.989161
  (3,2,+2)      (3,0,+0)          0.123431      0.942816
  (3,2,+2)      (3,1,-1)          0.199267      0.946273
  (3,2,+2)      (3,1,+0)          0.158620      0.978321
  (3,2,+2)      (3,1,+1)          0.199267      0.946273
  (3,2,+2)      (3,2,-2)          0.319519      0.978439
  (3,2,+2)      (3,2,-1)          0.302413      0.989161
  (3,2,+2)      (3,2,+0)          0.310915      0.992852
  (3,2,+2)      (3,2,+1)          0.302413      0.989161
  (3,2,+2)      (3,2,+2)          0.319519      0.978439

F0_Sturmian reference (p0=3.1684):
  F0(1s,1s) = p0 * 5/8 = 1.980260 Ha
  F0(1s,2s) = p0 * 17/81 = 0.664976 Ha

  J_same(1s_A, 1s_A) = 1.875289 Ha
  J_cross(1s_A, 1s_B) = 1.980260 Ha
  Ratio cross/same = 1.0560

================================================================================
3-point PES with SO(4) CG cross-center V_ee
use_sturmian=True, use_so4_vee=True, damping=0.5
================================================================================
  R=2.000: p0=3.0720, E=-4.718616 Ha, 10 iter, CONVERGED (785.7s)
  R=3.015: p0=3.1379, E=-4.923059 Ha, 10 iter, CONVERGED (781.0s)
  R=6.000: p0=3.1994, E=-5.118127 Ha, 10 iter, CONVERGED (873.7s)

         R        p0         E_mol     D_e_raw   E-E_atoms    bound?
  --------  --------  ------------  ----------  ----------  --------
     2.000    3.0720     -4.718616   -3.173470    3.173470        NO
     3.015    3.1379     -4.923059   -2.969028    2.969028        NO
     6.000    3.1994     -5.118127   -2.773960    2.773960        NO

================================================================================
Reference: v0.9.21 Sturmian (no cross-center V_ee)
================================================================================
  R=2.000: p0=3.1016, E=-4.809897 Ha, 12 iter, CONVERGED (1144.6s)
  R=3.015: p0=3.1684, E=-5.019429 Ha, 12 iter, CONVERGED (1024.0s)
  R=6.000: p0=3.2328, E=-5.225377 Ha, 13 iter, CONVERGED (1116.0s)

         R    E(no V_ee)   E(SO4 V_ee)         Delta
  --------  ------------  ------------  ------------
     2.000     -4.809897     -4.718616      0.091281
     3.015     -5.019429     -4.923059      0.096370
     6.000     -5.225377     -5.118127      0.107250

================================================================================
Gap Analysis
================================================================================

  SO4 V_ee at R=3.015:
    p0* = 3.1379
    H 1s deficit = eps_Sturmian(1s,p0*) - eps_exact(1s)
                 = (3.1379^2/2 - 3.1379) - (-0.5)
                 = 2.2852 Ha
    E_mol - E_atoms = 2.9690 Ha (>0 means UNBOUND)
    Cross-center V_ee at 1s = 1.980260 Ha

  no V_ee at R=3.015:
    p0* = 3.1684
    H 1s deficit = eps_Sturmian(1s,p0*) - eps_exact(1s)
                 = (3.1684^2/2 - 3.1684) - (-0.5)
                 = 2.3510 Ha
    E_mol - E_atoms = 2.8727 Ha (>0 means UNBOUND)
    Cross-center V_ee at 1s = 0.000000 Ha

  Physical LiH D_e = 0.0924 Ha
  Physical correlation energy ~ 0.12 Ha

  H 1s deficit / D_e = 24.7 x
  H 1s deficit / correlation = 19.0 x

  Total cross-center V_ee (sum of J) = 63.720273 Ha
  H 1s deficit = 2.285207 Ha
  Ratio V_ee / deficit = 27.8838

================================================================================
CONCLUSION
================================================================================

  E_mol(SO4 V_ee, R=3.015)  = -4.923059 Ha
  E_mol(no V_ee, R=3.015)   = -5.019429 Ha
  E_atoms                   = -7.892086 Ha
  Bound with SO4 V_ee?      NO

  NEGATIVE RESULT: SO(4) CG cross-center V_ee does NOT rescue
  the single-p0 Sturmian basis from the one-electron deficit.
  The H 1s deficit (+2.29 Ha) is 0x larger than the cross-center
  V_ee correction (~63.720 Ha). The single-S3 assumption (shared p0)
  is fundamentally incompatible with heteronuclear molecules.

  CONCLUSION: Molecular Sturmians (atom-dependent p0 or adaptive
  energy-shell) are required for correct heteronuclear LiH binding.

Total time: 6731.3s
